2019514956
2156202653
3176269286
0000000000
9178608105
3174966328
3175528139
3179543300
6145601442
3175048451
2165206883
9083708903
2194557477
217-653-4634
2151112233
7163526179
8474040495
8135197447
7142638242
3362444202
7066180516
6186765027
6095779931
2487634098
3308424314
9105089040
4062123091
4632011343
6019060316
6016135859
2149234074
2566039271
5676740706
2069991733
6464030863
6627697828
6063442582
2313601768
9792308212
9082684424
7406129897
1111111111
9739032245
9122235477
3052978500
3136184013
5592592942
6146226636
5555555555
6323211314
3474379341
7133969502
6785522013
3343016986
4805185379
9728412273
5038675309
7706765686
5706875205
4352821043
5054009261
7278776603
3173714690
6265242951
3172587673
7873101692
3177795628
3125631719
7042003835
2673974647
9736680291
6783927039
9518525803
8775465779
8328699983
3175258613
1115551234
4025981725
2702938992
8647047923
2816101215
3178877261
3172249432
4698799373
2103867483
2103812874
6828883455
1115552234
3188349228
6015802973
2147322208
7323900003
2064964546
4066902041
4048091465
8322424237
6302826003
6016064896
3154727504
2156326608
4807344280
9126826260
2147845874
3469077818
5863064503
7029094072
3106230226
4409157528
4075610643
7044583741
8178896400
7043166555
4044575318
4013746358
2702832045
9374083241
2193083122
2197984377
4124779870
6602920074
7346604588
4233412443
3149743653
4127126994
3172762000
8137164214
8638990708
8176911679
3142775242
3033641139
6317428161
4698400162
9735349595
4105842331
7146835565
9083321903
5044957081
8053240877
2153977734
2158153210
7274334094
2072276795
8154405284
5189321985
4134457083
9018969453
2178276010
4044145477
5708625904
6262098171
7373469768
9492933485
7019550075
9143343721
4056144011
9133143802
2197123205
4846287426
4806193888
5049096330
3052139287
6625888507
6123865622
4805849588
9366451046
3177194228
7138177392
6466375696
4075161518
2145781994
3179664796
9257875172
1234564568
3174406379
3179972648
8156309911
8164826728
4012266649
3366028885
5189653476
414-217-2346
6126008563
5052059291
8018223546
8565357431
2483792565
9172155920
4073400285
8132173948
7873703594
6266088707
5127698194
6164816093
8014404443
3364860194
9185088702
8438767074
7039925091
5639401590
5623267750
5126573191
3176523249
8082256905
6787553306
4795304007
7608892846
9312875024
8148888888
7573750663
7188949000
9498871762
9014135516
5206613988
2022360028
8324849141
3136636165
8139630146
6145968456
7168005807
8603269711
4133106327
7276671009
8643801384
8063361402
7879251989
6825149232
7068530697
6097422603
5862957548
3202906722
7872039120
9014903876
3102569908
4077233027
7029557478
7028586625
6166902794
9074448611
7174404836
5857668415
9095181378
8774801755
8018357446
4122983434
2052396449
2705775552
3174141521
9126905030
4122984843
6178699894
5044171303
9199232734
4175200607
6822463377
9512504237
9177345840
9144565747
2704176701
6054211269
7722132633
2147624972
4699965542
4064595737
3104975046
2708726271
8579197197
2153647260
1234569874
3053199341
8133004953
9038143849
7012302313
5717228007
5017304006
4082058816
2565582301
1234567890
8005551212
9725674428
6628166126
3195384178
4082037488
5702025332
4073407588
5168136450
9133609346
4086606628
7088308036
8606703704
7857707745
2057925503
9395396081
9194141208
3215914712
7279927564
6107377483
7701111111
4178449941
3171231234
7069698829
5127341647
3014752024
2293758603
8132541888
6014670443
7272786184
6363751570
9182849251
7876403671
9202890236
2014216134
8057090331
4408221234
8179643055
3202870488
6262222224
2055150656
4084708608
8165551212
3166210349
3028837585
7346490799
5024193535
2012940399
9084059198
8016415154
2063711929
2015265405
2517862337
9195551212
2526765687
2146098357
2109263751
2513636438
4144035100
4144917048
9492338203
4807092933
8067877207
8126975452
2167048996
7866067535
2404980991
5803418586
8503480653
9732198466
7032569765
9855555555
6016926632
2560000000
6625906482
9788313619
9186070166
9734780600
2152001047
6267801598
2108700768
5052697676
3150000000
2678646850
8134492925
8133893229
7183108180
6016132837
4848242353
7022179153
2146162225
5176676438
5613736558
7047019892
4172245964
9039183450
8643605483
6026284461
5033198611
8722272223
7708835974
3174606395
2012419871
5046211904
7036086720
6314673061
2512335196
8152091496
5165542203
8709953568
2516489200
123-456-7890
5165472764
3369727357
5739993068
5413901293
6784815716
7752306326
2565085791
2403622155
8649787607
2082518790
6012970456
9189785224
6465555555
8503741184
8552634537
7042677250
8134042296
5853946811
3053055583
3049236888
7405017646
6062134640
2706704681
6019418260
5163785521
2074413407
5137486001
7874047102
5162327804
2566944785
4053319383
9135798727
7709846531
7025246848
8186357070
2144177507
2512816631
2036310476
2564387060
6015040163
9498700181
7876787442
6145994663
7709846532
7654792301
4107073633
3176121062
2082264819
9047109764
8657892450
5704608505
3869312218
8433080839
9012468180
9162125294
8016631821
5866156740
4053170188
6515922453
5027947381
9491111111
3478566769
4435293540
8043124622
4076074019
3179979468
8177292063
6157796051
6319409472
4108290286
2563891358
6613458427
2126281117
6624156546
7325018025
4802951832
3035504552
6023192476
2014233300
3345470927
7182195330
2159416240
5165036831
8163052303
3019927386
5054271150
8709351340
5015158735
9038188648
8608782197
8288033501
4433665040
7069779581
7879724946
4233128113
3477447928
3362692714
9194231467
1115552244
8432243186
2176488150
9495107226
9102803205
5056004005
9315887137
3017288498
4233336817
9034527019
9312506652
3179190537
8164191865
4692697008
5043333041
4024532800
7757221061
9314466155
8482384414
2512696198
7143499774
8152161888
7874770299
3372633006
8282983636
7708340873
6464812392
3038808836
4055414580
4694043686
7708837150
9372154808
3174781134
6176676200
2703137520
8018825547
3478326065
4044263348
7016517636
7657307602
4792339152
3184705226
6169157293
9034386115
4027195464
7759903069
5014129673
8657127927
9015742184
8189179799
8556332579
8409980498
8163927161
7175555555
6193706525
2673775567
8593219057
6015800331
7164816466
2698760187
9046628560
4044258422
8015293722
3055049817
9256481870
2035368390
8185228155
9185658035
9139402123
2192297800
6782923876
8159997644
5306042690
7068472744
7274031764
3215140620
5402191956
4327034587
9186938376
2125555555
4694509091
4787965594
7208410260
6143064802
8654666162
4072408778
7186858833
8035041336
7143221363
8707614763
9017868222
4793816026
2564900657
6464203292
2694250460
2487606495
7706864533
8138030504
2537206891
8632451454
4437830887
7346584418
5054290587
7873601350
9103054405
3204931027
9292496907
4795301142
8322564071
8282346431
5613060207
3862335197
3252182902
2693253590
2672614821
2568566642
2709332527
3149520615
2014667375
6106221630
3363312019
2292375463
8024880187
4194387297
2142560409
4693474168
7875102328
5404951455
2158964896
9189024532
9125374147
2764312299
2287616695
6164500907
6012781216
9033880453
3185127583
5164272876
2177661994
5129928754
3174359725
3463683611
9185197960
9126786033
7042241955
3192395227
9725954954
8322766627
9176963562
7207247211
9288646223
5615772303
2146634292
6104287854
6193013946
8055871751
9125647002
9293970331
8019953429
9806217622
2147132180
8473469958
7576210318
8172472165
7604158015
7068367202
7134472664
3368170249
9729003009
5557779999
8015891088
6305250120
9107894324
3233307266
8702650219
3360000000
5158654115
7732200144
5713282137
9016446034
7329281264
5867490009
9319802170
7034770478
5622348464
7175428072
7653361073
2707094628
2567353702
8504181816
5858315153
9379749090
8643879537
3468750111
3098075160
6317769561
9802662732
2482175700
5513584242
9162474734
7145509798
4693370477
3854397876
6265238216
8603435220
3238397927
8636512167
8156216176
2176076766
3378494662
9319999999
2814337674
2143037175
4436167285
2145051334
6602922290
3154160708
9292186629
5162880272
2033668070
2525154995
2147278670
9096437310
5551234567
2565292500
2028527491
2192423202
2073503222
4193031753
3078000558
2707150650
2257193817
7132941536
6204911821
8133400041
2564584047
7172630747
6156427721
4022236586
6622120462
7346737790
2517677400
7088450314
6822341790
2145028323
8178916967
4232452188
7316086358
9037442834
2148021383
4239214671
8177737978
7026771387
2103838101
2088057428
6625235935
3026906122
6154268354
7864056278
4067811301
8436879765
5513583573
9312410873
6319797575
6302198695
6308636817
8159855171
7622199800
5027733011
5635030343
7065375985
4125612347
8702993531
1115558888
2547392585
7877202348
5612130735
6109604806
4055174242
4403285333
6145551212
2142070078
4026504368
8599679410
2143262421
2104120600
3183470178
8174879209
5612044723
3522553461
4236191696
2145349459
9087451007
4024693486
7035223412
9738795802
2155388800
7656100983
3347140022
6157121867
3472326813
3606200183
7874848891
9898600947
4435284727
9722817289
4056949478
2067249900
7657165051
6303401065
8312063853
6019211996
8179291876
3134787823
6572420105
3015551559
6065475665
4235236299
7348463615
7164797086
6167888923
8125824026
5808193333
6315077206
2484592030
5152057425
7327381085
9706316561
9739811734
5739992722
7325971915
9034521783
4796533496
6018472323
7168918120
7039805846
9035040443
5612529434
4357571355
2705649494
9785511700
9182618564
4324256180
5168305885
8033202068
3053893474
9195568767
6186704345
3343438628
5162204804
3096134747
3868379100
8627660420
7879074469
6625873137
5308644455
7132894151
6193028930
3852275286
3147498535
6176502818
5162449780
3176059800
7044536338
5054016853
6158040661
8173417046
7405384415
4803907400
9187985166
4048675414
6624018525
5099698882
9849892457
8439393414
9195690500
7317833300
7202737884
2562954300
4065900750
3049065269
8645760286
7204863638
5203609852
7876137025
7134282438
5804651653
5735446299
2122330333
7872468795
4077218388
2032465222
9193599172
8646415234
3042570105
8062394908
9727298556
6163125056
9732168633
3184780681
2403057771
7193225798
8644368880
3237185201
9016164958
6068723804
4177938166
5035690474
8183077949
6785596028
9193952425
6094570534
7273738741
6014808331
2055272004
7147561303
6302200463
2564976069
6053813871
6096612211
9133783067
3866977908
5164692284
4078081256
8188180198
2488212247
9362019292
9179213728
5133656662
7089354990
3217475877
8302634543
5043178970
4344807428
7873658161
5129377327
6015173131
2173169489
3868040899
5805913710
2169576337
3157834420
9088092990
7656183603
4692025482
2012305010
9493705348
6012156332
3219450788
2157561419
8503268489
2293640383
4049332218
9377282813
8018424626
7314434587
7042001798
7872231712
2673729690
5614012588
4052294416
4177333669
6319222116
2542895996
9018269044
7063387393
2708310184
5625221281
3852543539
8164058893
7207712442
6014985852
5154470029
8126052327
4356358200
8167614118
6787639555
2145492881
6199871289
3343326319
6463226450
8019894275
6056414795
7135162226
8175396843
4043798900
3469013159
5136495951
4697285361
9136455435
5022201433
3366860617
8122156034
6789017079
2198053192
7874123487
7064987049
2197460940
3102716123
4053438890
8567234545
9894503004
9012682101
3077607935
2146866987
3127314293
3175128726
2707797696
8053754050
3343699112
7272628572
8562965590
7657217082
4807659818
5635058041
8329262546
9707490215
8152224981
4234636745
2014073170
8016311871
7122699390
7573732760
2815134971
2108234258
4026405091
3175408640
4024590121
9032749578
3109828437
9494495877
4233043254
2064846547
9179876203
5135031161
8065847048
8057944334
8654143758
7029124844
2628181131
3106631447
5202224890
4018296940
6184770524
6103578229
2057901622
2488842680
6603424365
7876495128
4323015476
3032608372
5405500888
5863442872
6789881038
3104268887
2017448847
4797393962
5123004930
5402356139
2193131486
3344492585
2108239804
4243305778
7873600350
9407031025
5592845031
8186243489
7062313080
2024897599
8032614954
8622132099
7049132811
9095325588
3038864678
4024690436
8702815506
2707799925
5742100509
3522394467
6303701629
2032136768
3026687889
9707089392
8019232119
6016162100
8642163689
8155452273
5419105162
9417163147
3375418543
2405184122
9493513310
7876045349
8179928896
5709563536
3179797623
7069344962
8142792600
2546401786
9499169990
4328033382
9723659613
8473312886
2174734296
3182781034
5593003270
6468417854
7873650668
5412123119
4173471111
5592507225
2562820828
9792578358
5028212180
8322170237
9314946446
9144866493
7147267372
4804424314
4044283996
9196084270
3166449310
2124725600
5044583198
2518472250
6023277861
3104860234
9409235195
9186882046
3204920026
8016951320
3049206205
6319462471
4172241903
5134653523
2292060292
5127879123
8069281209
2405202264
4052499497
7069365852
2014013342
4234571201
6065151561
5616189193
6154143566
6033937612
6787706389
7656178309
7572860331
2195886571
4055143655
8022891225
3193507704
9189789255
8127099498
8128878803
3528745741
8642213171
8572107559
8506983046
7207057274
4084383128
8135551111
5166610755
2395955138
8569123926
8653109794
7652846111
7089419852
2562029148
6825534716
3059514874
6107907668
7244944480
9122816881
9497424927
3014409220
3134050162
8778697772
1115553333
5865244787
7656619260
2059141218
5303005752
2162257157
8017107329
8324368694
7876366538
2145783636
6165750211
4438233350
6185345622
9177973346
6613763225
8322509386
4407248264
2604386110
7184315813
8609330511
6014227435
5019086497
8583534145
9102622624
8104440828
5122037847
6306888266
7346587244
7034377026
4092892200
5516897139
2109134676
6175126946
7345786007
6198473856
2707926705
8132936137
9084891891
3177527043
9313043701
3605847995
7875666653
8653561539
8589451087
8176137338
7703144284
9088688548
3036187717
5042374649
2257210279
3036535952
9096491150
8438260686
3173847259
8048396115
9158817549
6093141759
8158236783
3867855007
7702255077
3469013168
3192316579
3147329495
2294498574
7045740709
6034941879
2055427480
2147665641
8588694929
8324741824
2032150557
8646317789
9204707498
9198847774
3154025513
7879002574
3618530867
3057201680
5622017620
8043075485
8122431077
5155200872
7873146842
3213602296
6034013431
7738656112
8303706471
2059974670
4805292883
8014993354
2196446002
5735390643
7063133264
8457971530
5052032142
7879250105
6083340848
9205174876
9032713857
8585393380
7174215138
8505081420
5596180760
8644212088
3174453201
9039185787
4042856925
5807683021
4027532800
3045492490
2295487629
8323853921
6188891658
6013829235
2052138305
9209797374
4079256242
2536555643
2403570010
8604054448
8433180317
3254368160
3102663287
5078225837
9374186253
9175701968
9096462597
5868794413
6015270252
6016068568
3048517909
7244969714
8124866211
9805527484
9085782307
5202276180
7875483441
7017999914
2108610221
7202339159
5862627870
3184170468
6028198123
9188098072
3304428564
2253379804
6109378786
3134650509
7065992760
8126145693
3343722244
6019662756
2562829968
4047717494
3365080238
8636028352
9087250585
7738088455
7602231363
9492804222
2087914996
6024059124
7328326242
5152043770
6824651217
7578140328
7025926644
8652087140
2392339222
5133166277
4699512492
5614004449
6513576460
5087760776
9187795057
6036671925
6624448573
2705356733
8188131102
3363377557
4049608333
7025950481
8473734323
5018603780
2147247241
4322024532
2107840972
5553334455
4799792017
7169494371
2525599098
4052908318
7142225778
2063568726
2564762044
2196702149
5612486382
5403829000
7314990249
5618437107
8433258488
5806410233
5406640321
8152885013
8014723306
2672281198
6179394721
9377289288
7039019207
4358499022
9858019802
7747667103
3478486978
3162048004
7148667955
9803390719
6055912826
7472562882
8433674781
6784140701
8608576994
7734502803
6260000000
5516979972
3463759680
8133345683
4029802285
3093573323
7178080003
8015574091
6013193700
9723228858
7325010954
5027595566
8134519502
7065871261
5136528755
7049999999
8127049322
5099982039
3106002845
5172850273
3183646208
6012910733
8043663145
8606948339
3234597765
8434218797
2032331380
3303714971
6063440831
8643018441
2567628797
8033899878
6308880245
4028532354
5132053327
4436915894
3342003346
8062748509
8067496133
2154949403
9133069015
5018825402
2187911077
9152173853
6304795518
3475555555
2817231431
3095072998
4356329985
6012605763
2294168590
8598012160
3523912400
8324522591
6018072406
4358306692
7709726823
4703638986
5044446787
8177068346
9542357187
4792630366
2569965580
9293314186
7874384369
3046853822
6019166410
4078787615
9188136433
8654543180
8593276935
4072565570
3476126611
5024350241
6026009678
6462105630
7875095585
9033124261
3038190299
2542580358
4408135993
8647064147
9726790556
4794301440
6012973276
9394039633
8017923143
7125207014
2564458143
9723100789
3076776706
8145537242
5628107277
2018385905
7146532694
6469538678
9493420688
5183318613
6093856742
3167893220
4239156452
8701111111
4028907372
3233843409
3479012028
2145551212
6014563950
2704036744
9492305166
5202052714
2196894777
7316162749
2292391202
5513004931
7037286497
9183449477
5705748364
6198767649
7816035569
7403911391
9046125881
6025152629
4018670067
8652543554
9513750745
2243459105
4068796498
9491234566
7316965400
7013912256
9403933165
6618781318
5098604784
2062456207
4244224207
2817990457
4126998770
8708183669
8773056202
9188596932
2292883551
7065087269
3314229285
4076686175
2765244204
3344674230
2039487526
9499392210
9145820005
8015020043
2513634299
7372164968
8168986488
9188223029
6628225730
2178996421
6036671182
3106007540
7063260040
8039950708
9284468089
3019912185
9416008931
4104563082
5405507311
9152287151
5183305601
8508492711
8016683325
8559008414
5024397563
7875624294
8127468671
2197188300
3215061609
7123043157
5094817301
4148528711
7143508268
8593014581
8172436000
3309512669
5048123503
4047252275
3605137563
7145148873
7316168171
7875535561
2698839922
3475245647
4144120576
9315107791
2154318921
8657700655
7344322015
8592276233
9175875443
8174566647
5132569460
3184752920
5049521111
3364691646
4439280148
7199662045
9172041441
4408120900
8327940993
8164571272
9499334708
9172923881
3172894644
7244461210
7174181971
5516550200
9035203153
6188895717
4239480495
3852338968
3474663798
4027077259
9182087549
8127976993
2143941467
6168133721
2704987867
8038078138
6609983043
8177156238
3146144412
3095310778
2676874437
3057642142
7329968467
5742262198
3203620624
7202523455
2198016001
8044583784
8066815228
6314566131
3157178233
7725779711
8507586544
3059348474
4077298762
6012149906
5082087425
3058788259
5164684297
9162017109
2568106894
4053015480
5153061039
6053764765
2143349230
6097319911
9515959371
7876333228
8133100817
7068811028
3122864395
6467841032
6267688936
3347911605
9048684581
9206150993
4789225258
9106197434
8016900916
7044310278
3059047637
4232606403
5129657895
8152639819
4016406139
2106637550
6176360731
9542747141
6202224975
3187878640
3129349923
7243282353
9292832739
6466374100
9173790450
4322902847
7863481180
4104286862
9313742961
8322157362
2293227820
7138179335
2032608835
8126972916
4808286310
7069363713
9177433820
3343016180
6142703007
8039575969
2563033006
6415124149
9123371307
3175148687
3184261355
8167144355
8123612961
9404470258
2052403389
9178702328
7182106113
5129712380
6018261084
9087641051
9495667450
5093091143
9126755600
6304795779
3187308565
4692971671
3479398529
3094525438
9189149141
3018021960
2565581857
3129729005
2817240531
4236080483
6512601326
6158797971
3046733432
5077791992
4323122368
7752176676
9794123933
7038887163
6193851441
5302283343
3524220019
3057647999
9105143195
4792291324
7015163498
2085555555
5152297737
6053210864
8709042085
2676884014
7872431428
6155214360
5597703581
4074905680
7873067815
4029812437
2035365025
4177737320
5134901921
7276926101
6053105722
5134764536
7736735493
7064645353
2393576062
4074700515
3232671238
2532791233
4072721965
5407931632
7326732189
5802300890
9172254511
4178182277
5135182505
9032522359
2255054764
9187601445
8042431030
9128562266
2672694315
7857261424
7136146041
8622490475
7706860374
2292376834
7876348451
9196065289
3187542433
7701234567
4097914653
3144513555
5184106743
3212057791
9194919867
3363060343
3102720760
7876142776
9403950909
3142212255
6666666666
7163431877
8172102640
9189061446
8169056187
8183979580
8002188587
8046777381
2166184189
4124890064
3035965422
3364603585
6162998654
9544944405
4692851577
8175283585
7182628789
2055854880
6789868003
2562829578
2607012450
6363751605
5415436228
4044444444
6783557431
7064761406
6184099553
6153188381
5024927311
2153413921
9896403187
6464836241
2817963910
2512943494
2152223344
6194547432
8504454435
4192156322
5055772159
8503807426
4058874225
6085359178
9038182730
8649782608
2192021072
9198201562
5862546392
7876921412
9517644519
5178984670
6166566666
2489336478
6162407154
2193234740
7734849337
6622976311
9393585689
9514197325
8325771063
7068323593
6176365787
2600000000
7405166277
5186505663
8322291534
8173534523
7327319497
5184702213
8176906270
9184135757
2016748603
2543499248
7742644569
8566850759
5016580258
4077822485
000-000-0000
8005115144
3175555555
8704215154
7345468248
8329785672
6142938000
3476951234
8008745881
4129833491
2816595020
2625555555
2313061069
8082183502
999-999-9999
800-874-5881
9999999999
7408775789
4783616851
2813308004
7187827539
8445279486
8455006951
5187292359
210-204-4041
7873966342
8888888888
3059340123
2398214687
3042573600
9196321606
5555551234
6142935000
3179999999
3364092118
9092610731
2345678901
3145555555
7069490962
2816865724
6313006031
5619098107
8133528835
2513488513
6197460187
8047205048
3304845081
2084121107
7868593576
3217506262
2017440481
9034361538
2052420448
2014207777
6100000000
7815410339
5044156465
5163128917
3522725944
4356508144
6236921952
9203428711
8126303607
8135555555
8706127669
2012893914
9096420337
8643137498
6064220688
5043191341
4192905919
7874599241
4433406099
8326565934
3125994896
7862265267
6785446813
2702023033
5158351806
8472362700
8186417681
2707489003
6106918019
9190000000
8708979566
6159691033
8178819374
2626669713
4178256468
2395723577
7276452144
6467121225
6189717277
3174125016
7035986506
3106639471
7083089373
7572880722
9139631776
9204717146
5759212296
9048615884
9367184581
5807293652
7272883139
3162008313
9495366252
2564151178
4354066059
2516352464
7249672259
2487191165
7046829997
9064580676
7874507236
5805049118
5863725051
3176580170
9153190705
2084212247
8434078549
6302448149
9146295554
7082173713
3046725277
2144763555
4804156333
5164483549
9729983646
7039943797
7247875388
5743645052
8125894899
8653237296
4196471254
8474700329
8159656259
2708433202
4053971155
5852083951
4054146955
5162971063
2529174006
5017725130
7069344733
9858601107
2084318750
5189651167
6264038075
3048411192
7324935100
6198516814
2029095466
5417848308
4135391125
3854058745
9372180815
6064876202
5166956652
7858710243
4439081312
4846869367
4054016774
7134717376
4044384380
2019946286
7703358604
9092783404
2522864950
8653565745
4026891082
5054004226
5863538105
6188391170
4049343754
8018577131
2314144441
2487014316
7192072353
9499105179
8643810992
6107724567
5017863265
7314873609
7742680370
2282365299
9739198618
9038305971
9036025103
9787779411
3473689532
8108132891
9209174433
2523332150
7139624010
2568106859
2398776469
4323493354
8632580932
8635370281
9546754241
9015738405
6463227638
9106956200
4436158893
4255034091
5023966217
9038188519
5715285344
3103097999
3173629463
9014129941
2604462277
2298861700
9124841520
4795087263
4695444122
6013402104
8705303918
3603178790
2016871737
2489783772
8154942180
4134642671
4237658574
7708410234
8595535454
7062175057
2145339107
8026131118
3204910088
6624179725
9498781838
4145813350
7862984892
7245551212
9499339399
5736141149
7577774648
6233028580
9542944092
7658949800
5408777281
2702476688
9126584342
2108852377
4088332055
7576755447
9319938295
9376704427
9196019434
7657205408
4326342489
3183721180
8102477109
7074804238
9194544940
7193570026
4125124684
2604335176
6154493355
8594012778
2565474479
7177401620
4068717751
5016792211
3026608847
8708331194
4126820621
7873226522
6155802620
2402222222
4128553969
7173038071
8016369031
7142353901
2068613861
7703287414
7089909922
9102398065
8186442943
9546321772
9196073276
9705322034
8705504181
5033093413
8173337984
9287107829
8562751781
2539057640
7657307016
5165551212
9413201739
4128480144
2086956698
7875533634
8168785125
9193330038
5034537550
3015555551
8106601837
6062171730
3307208301
4055504503
9086701737
5022957555
4237551032
3366828404
9107368503
8179919562
7149296120
7879892352
4192833508
5097505579
6067489862
3185416796
8704641515
9037150529
2197893963
7066800810
6302340728
5409155425
5132747629
4172697470
8133613074
7654270212
2055294446
2708043486
5033832815
9174684328
7754709988
7044004557
5405264275
2532260896
9079873210
6204400207
9892451167
7702672559
4066541100
3128832725
4408232089
9313084043
4196512840
7873081890
6017578478
4806356800
8134531914
6019557498
9204713214
8163498236
2542066373
8142827658
3195513309
7742450088
4047315398
8014207678
9203440853
2174333198
4404878381
9186004217
9366620132
4123981127
7854435344
9185198872
7044725912
9738879444
3172138279
2259553836
2545989456
7067543763
6203915956
2628445627
4802362327
8002008196
4053341266
9188929401
7409758036
6098681998
2103961233
3046340235
9894155202
3034897342
9417355866
2398726135
3369263864
9036835436
8048395338
2542898195
7873099832
7062778734
6033404173
2172577106
9313491318
9046228202
4173961644
5743506540
2142235938
5134305080
9209177018
3368035461
4143154166
3037139183
6156243101
1112223333
9125632489
6073730369
5014252850
2146947151
6517745951
7018180439
7143308878
4405377713
4086778882
8709178537
3048168661
5086850907
3203091542
8583530844
7852177497
2566825143
4024494531
9194137687
9102603482
5015555555
7123222240
3178858178
2102182142
7575708478
3058043835
7186298691
3522165500
6307880713
6237550589
3369784149
4027195771
5168898899
6095850118
9184049054
8174484579
7635673356
8588482478
4029360583
7064995649
2486441027
6087742845
2628228252
7874873752
5626504703
9175674743
6123836464
2256238517
8565773193
4802977019
7724808098
7248226531
8124545698
2176202349
3372570049
6145626934
3214002502
2546251653
1231231231
9494913637
6319409477
9089639856
7275015584
9789964988
2542241726
2484950659
5037997073
2817337304
6155849001
2527170302
6198208076
7123337396
3145560968
3369719772
5555551212
4079219067
2314922183
3055474790
9314469718
9493063231
8583535023
7708946532
2398956298
7040000000
3365583852
3042835918
8544449525
3034898416
5616673916
7327635254
4127090574
9122211302
5162389077
6239809123
6142962079
7346246938
2286977071
7876078509
5086426563
6063756937
2142749977
8126213222
3084409740
2142409573
8655995773
9724892489
4105336344
3189550366
6093462314
8154417550
2053441996
3036709054
8016289866
4145552345
6629341399
4235394220
5048584658
5705735345
8122161244
3368809658
9175144117
5617976444
5098306995
8139652731
7165481336
6092517110
3616762968
8327850806
7037721979
6104627842
4693328135
5593698018
5738237417
7135572950
6065219685
3125361488
5015481856
5039289499
5019205151
3364699166
3046696551
2767913744
3855158299
8014036287
9196213288
5043776922
4806009995
8649344507
7144480357
8324446709
3608015213
2602133806
2543684446
6186945318
6624161295
9198964008
8152618389
4802320705
2017248143
2702460103
6029800248
6622071746
8178887331
3102705694
4022902700
8602059025
7753232080
4056570464
5047177677
3373045111
3042105018
8563623720
4016392226
5013885531
5512215929
5042617741
8052861869
7274800616
5742863845
9036470844
5705756644
3202412076
3522198583
6789433408
8169165683
8503466449
6822342725
4348410649
2484445769
8643532232
7143422026
2292375234
9149670856
8179084872
7079727606
3032495592
1111112222
8709193591
3215146952
9034930385
8012953463
5154902731
3174531177
8599169633
9545319364
3463684330
6789066535
6066277557
5805540511
3173327785
8156719266
9402979568
4044385199
3185841335
7033465193
6314613699
3177520820
5012390065
3025597875
4407811279
2766084909
2075771578
3373494771
6512490647
7742121242
2516047550
7049658014
7347513895
2514244035
8595394264
4027195681
7879222607
8702435183
4108148012
3129293009
7032163570
3185644898
2256156864
8122075131
3464460799
9208897970
9514752504
4050000000
2566773308
7812495299
5082692290
5803805054
5418444900
5014992485
4695071180
9376239629
3617038639
4058181706
7548026965
3233659854
9152534850
6017570952
3025102717
9134852799
6785922368
7407043345
2149182201
8123094576
3143747539
9033992578
5756498469
3046150348
6023329675
8593197640
2148789792
5743606641
9187983406
2032462385
7039802892
7025576471
2312155063
4802394618
4015298609
4053122027
3478662974
7872377112
7607180335
3108806259
6417994567
7128306908
8126551900
8152195782
6092038694
9419283108
7408027696
5174026867
2526225961
3364136435
2707924918
4789551186
5072695340
4049143979
2032476952
2056024640
8583331624
8438166362
9198780605
8289251580
6314821224
7066954576
9146480426
4797192691
5748499087
2015050997
3186405882
7702571425
7065946228
2059080210
8595127638
9202682061
9092622434
6614278996
3615584724
2282192042
8017215378
7854525013
2394505444
2605821631
4805603497
3107073644
7182921310
3366690663
8186449811
7173157830
7145883677
4132466787
3053997748
8033812901
7163459961
5014727700
5097781921
7173954471
2512842523
3184701060
6186632797
7148154981
2134534867
5185220825
5743438740
8452873447
5135518732
2243001231
5857349546
7122030302
5403970110
4846016761
2702478211
4233861107
6186703546
5135181565
5159882399
5044212516
5188521798
6015174879
6196368278
3368291847
4403101448
7869914272
3236062168
9176310798
5182100638
4045796161
7204280788
7323003470
9402104159
7139273540
4046985859
2566018963
8457972730
8178326383
7149259247
4055991234
8572481754
3106786514
4783964789
4434154532
3526823807
2567283449
8034964755
8067738405
2085302180
5859433197
3025402505
2709930158
9012646087
6205441506
8702010048
6307766524
3213611040
4692301602
2566829266
6783678085
8156504532
2564836513
7654213408
8656792911
6028100165
8599000330
9549310922
2547166285
6179999999
6232050551
5023862283
4027092885
6612963980
4105538090
4109035489
5156695077
9727683784
9185271648
6199093891
8179096824
3215365964
9039418955
7174049453
2147272643
2514633273
9157818818
3025627553
5596452659
7036558929
2402990385
7062640707
3369407942
2604388384
9047045551
3177707499
2106083504
9012208974
9852870140
6012147158
8439066958
8325416659
6786432658
5803011142
2810000000
7063447667
2148644484
2058618045
6013688907
2293921224
2766984638
5736831484
6063167573
2253628587
2282335404
9499291935
2603162218
4056150624
5135203785
9857890360
8053714000
8594213495
2513793021
2817265542
2145851793
6034757237
9186066050
8703442555
3017677764
2067694174
2394950306
5626687663
7868971382
3128232232
7704903422
2067555836
4444444444
4056152809
4157600271
9727410394
4077658185
6169011254
7135621821
7147424544
7816002677
8705598690
5402476143
5803130363
8484595560
9073157925
3202235638
8506865955
8595857310
8082956301
7706545332
7242550146
5017623045
8315661271
8644153845
5713895606
6156129760
2085217663
9123902026
7148317307
4193579389
9899652016
5402440949
3184465887
6462673715
2703395962
3375405633
5034321189
3478372237
2089015202
6782325707
5624810727
5626826430
7244201721
5013043926
8165061416
9724693911
8479709324
5025939943
8134652424
9732077317
6019943541
3123757467
2628966040
8043181034
9085770170
8167693072
9153057422
4154180898
9184709216
2086250732
5412857854
4124315766
7274201156
3365645342
5702907363
7604452456
3363925435
9177160835
4782303536
2814796168
4028538700
6076444638
7062941522
7876468341
6014800933
4436015832
4058854596
5079231285
8122431438
6237079292
7875301961
5593521582
8325647588
7316076488
7032033709
7084946049
4173156975
4342511812
8164056402
3046680977
3194008764
4802153396
4438229073
2243159730
7044370187
7876302979
7602248205
3179192161
2515915009
5809199271
3195406024
2568103784
4052267830
3029335462
8704765188
9514286991
8603355143
2679813508
8312332513
5092951328
5125898855
6034779810
9048383429
9720000000
7064916267
9542571475
9106352093
2147178657
8057571831
2153689044
4794454445
2542101452
7186745999
5135196869
6073980714
7158472547
2143560542
2089219326
7275887743
9318140122
9193894179
4352793581
4843547663
2012987425
7853422169
8165904639
7867282834
6108887471
9172080888
4439565790
6626451391
2318841049
5126085999
3174479261
3033599777
8167525435
3158367829
2522926863
9107504963
6267808073
7064575817
9727755223
6786178766
2103460981
3372901431
3054143072
7067544128
7608456614
2055689473
7245913595
7274222724
2393481810
7875168320
9045059186
3192307628
3169457455
2515915124
9407457911
2489258496
4173162025
7208797071
8154399679
8656077753
2708360541
9037334887
5055035963
7577591481
2515103803
2568742662
7188780919
4073762915
3093378824
9178646438
8634508708
9032379723
8569121887
8704032878
7185517479
5592892278
4049146917
5133139442
9103086717
4074061650
5012096179
8563040289
8175780793
4793018011
2392198822
8642705125
8052177611
9806214676
2512349245
2563392215
3472855466
5083269192
2512720402
2566650715
8138380110
5599056800
3604426030
5026933177
8126986259
5616010180
2065230270
7063468168
8149523960
9893722319
6786334116
4026690630
8033459999
3347281650
2085551212
7327101931
2564185577
6015437188
5109003131
5736941175
3363287893
7878009648
3197217535
2567104640
6064342498
3183936451
6122813951
5012300140
2152052835
3476514834
3036635783
3016396264
2156515592
4697828478
3347189591
5152501941
4122168108
3308532748
5045555555
9178546670
5098504085
4073035600
2039236470
6014985817
2695790962
7634389925
9099217477
4104749767
8186407099
6365419501
8175551234
8133881393
7409817674
3366483832
8608170072
5136497345
5867478304
7139473100
3142100293
4808888888
3852150866
5704358946
3378528567
9412862184
2292120227
4806890378
8189271000
8123744283
3322001919
3125339353
8605754341
5028896404
8045859251
8058788005
8127870758
9175187918
8329708104
5074022669
6783219998
6148060141
2482253987
9852069911
4023219202
2567343146
8322579616
6014085541
3132050926
3107803916
8182168946
6180000000
8016287679
2088522900
5102847794
4345750511
9175867530
8126064995
9174705848
8066831274
9187064207
9738277340
6127473920
7873139970
7317801017
9527158126
6624386605
7084769089
6628323497
3529991933
2149715466
7135622530
2105449723
4356093700
2053933899
9175301381
7655800322
9735445879
3059105103
3526722811
2514587544
2156888683
7706860213
5026417221
6783788645
9709664522
5135939264
3869658734
4046008172
8173609609
5138165538
2526262099
5135262684
3479206782
9092140370
7706173855
8102527745
2674963301
7186656663
8184192934
4047409645
9124864609
8174556548
3183590397
8178754759
8172667134
6082010436
4048950605
2198831710
5735785635
6788231180
2566835660
2404570827
2514540805
8325702955
3032294586
3475459623
3047562181
8134096550
3148526997
5403206892
5405338976
8325772637
3366138949
5867269220
6623979609
9013348822
9143547412
9177718477
9734591222
9195187381
7083693616
3052057865
2818364566
2567977399
2345755117
2016168049
8503710501
6602470437
9412648673
3475135837
4705619522
8643440067
8436321537
4045284658
5753023292
9726326072
3852856278
3179381116
2397911828
4582105323
8064701657
8502871014
1115555555
7816903004
7146632729
7703103792
2707241193
7048911300
5737034937
6124812694
8435663490
4042892646
5048584461
4798066074
7708512089
8452187312
7167993883
3045948240
6172299273
5854782489
3159414040
2158400992
3102994999
2818650903
8019716847
9419792992
3107706088
4788673328
3346933324
7132409392
3046693241
8307657409
9729779896
9734768344
6308563991
2188500681
5049062222
2674811801
7244568053
7042134043
2148830601
8702060572
5049314065
9096758961
2057609093
2564433414
9855074872
9857734057
9723450735
6142644708
2293758608
5166803400
3379627864
2055355065
3377894275
2526360236
3144840723
4103751471
2027251590
2542923760
5044958097
8572729541
2036588229
8305551234
2106213773
6104132967
2549687657
4129527073
8032286130
6145173143
5852698121
6188303356
8125982589
4232684127
8603063702
2198831711
4846865451
9373139882
7179264758
2602438928
5854650268
9034679398
8632268011
8139288310
7187772020
3133759838
3042833288
8434097881
2818443603
6063698592
2035566324
9135684733
6312892468
8503222195
3342089224
9173746275
8184152448
5405332087
9786210413
3344079398
9404821972
7707128560
4432266974
7089035457
8155205813
8707406086
4782065421
8044586450
7178562508
8015985451
4043197815
3103109076
3234961153
7706797078
7076248072
8325354623
8033515609
3363013909
6155555555
7708340878
9723100788
2199807178
3187718467
9317433359
5025489166
8653233619
2293924166
2038223783
3182196733
6063863757
3237470595
7758577924
9855140242
4048950607
5012495723
3364043449
7348123656
2036588228
7083739478
3366758883
4439000023
3364073726
9185764406
4052560555
3045751154
6159771507
6025555555
8123842113
8138023967
4195060678
3183498931
9068690419
4439035066
3047698355
7572875735
8639697398
6014795943
9375047700
3017979797
6158707488
6156365068
5024373008
4052139350
2703147890
4088823558
6074237611
7733832643
8585194609
4048950608
7727633640
9496432287
3524453462
6039951402
5735444420
5732592110
8638996829
7138262948
7246224221
3083702208
2018333000
7708996080
8657220597
4143157195
3365538976
5016793551
6158129944
6094687565
2142915087
3365494044
2313880890
4026146363
7872483101
2034963208
8593242422
8048036156
4069274720
8126146378
4432667638
6065943630
3868464007
7188790910
9853204124
7178568560
3527200966
4848183963
4699553944
6143741100
6262538123
6017452022
2406829461
7578795172
7278312127
9855078533
3107172366
8327096843
6463312593
7066220381
2198080311
6623158964
2564935644
6199179160
6017572859
6515284488
9153555285
4789999999
8004562112
7042422412
2056401881
5047151130
8705303902
7085517736
8434681109
3104017363
8565428104
4802136492
2543944548
2012946268
9095250038
9015051966
2018929580
7089557500
4703131043
3092025012
2073999448
3473395620
4238630719
5127512243
7192005309
5712144668
2053059784
8033576052
2298693212
7206709895
5868170497
8179648254
8106236129
8452409898
7322137784
7705555555
1115551212
9198187555
2402991950
4046530039
9723424373
7205273071
5018441675
3135434230
7134163990
9312314238
7703288139
8326033359
2398966129
2017257999
7316171819
2027686998
9124897979
3866792072
6182927360
3183815090
2257730733
8057732447
8642385420
2103241026
3152873652
8709045974
6418601975
8015896863
4053348088
9849990501
5022357891
8019182623
8133687936
5088082924
3344940977
9726581171
9515656912
4798411903
9156671276
7853237601
4074010750
9123935115
2036751474
8562201018
2403971934
2059779299
6153065469
4794260388
3475837966
7033462395
5736947564
7027086173
9293789024
8144526311
9409239212
3048128173
6616065240
3479041944
9177425575
8173079995
6786743514
6782308066
4048596852
8285507822
9034752554
8138422017
7313367429
2016756118
9152741257
9734879462
6626437035
8184005049
7404384721
7043643444
3183933598
3219171834
7573587080
9366711694
4695835222
8065771063
6097520445
3344290513
4094239200
8147691036
2569785102
2154328428
6202907708
3057900232
6828886131
6464965713
9729718150
5747803167
6154493076
8109860105
3148522768
8125710766
8507239403
7709103439
8327947569
3305388588
6469601273
8155405150
7864782218
8603047921
9032208461
5412148077
2698760662
4109197869
3176257107
8127740540
3025636063
6234322329
2019631903
5133162201
9045680698
6194075555
8047126207
8185198251
2163529368
2396895788
9407046670
2488046167
6154468043
3185276263
8702151346
2703025349
9512177300
7142677482
4043778067
6128028116
7316767720
8126863913
2073564339
7865537958
4239673127
8772618399
3862595435
2055150166
2407551060
7325551212
5517955084
9209463996
5869788672
4142677014
6065246716
4056158222
8708385750
6305424416
7324709877
9176897972
2316700496
7136706362
5166952658
2512233341
8315784231
3103674167
2403381035
5403335099
9895530002
7316181830
2766791010
6038662119
9042591119
6026284191
2693398119
6786873749
7704527895
8473933941
7142791111
5806954359
6012185807
4407897845
4025254362
4083907314
3047305340
2079511160
7149876523
6199487034
9186502879
4177350055
2174389448
3473080269
9174741816
9139980569
2816860061
4048597742
8284045044
2012880404
8122082676
2536701772
6024652383
6623974060
9105831467
4803882251
3038191697
6107394798
2076491016
3102831623
4075555555
4694265646
8285066554
6156553588
9195481846
6512081658
8184268670
3214331789
7876005146
7733942229
5408498243
9048143383
7045370909
9546496262
5135035349
9319943554
8285560238
9042291295
2127496626
3363333333
5403156559
8014550836
8142326282
2165458337
7743200436
2523151032
4195441695
7181111111
3478666418
6623225990
7186906825
2017440107
9012276337
3157204266
2243924880
6068792188
4078407906
5414019272
8014718832
2187795208
6153933048
9312062815
3163006576
8282174254
2102742173
3188717411
6785720285
8146352575
8432171970
7576508193
6144831212
8654418937
9569269777
2148550606
3155584077
5135577650
8083542668
8507779200
2102159984
8187015147
8189153775
3194704900
8138106403
9184976767
5015541821
8173668472
7876790615
9098271845
2675040379
6468605576
3053053005
4124983881
7347775400
4055130510
9296036226
3092421782
6615052300
9137092173
2706272570
7708854123
8015575792
4234147530
8049886664
9172018046
2312225161
9853866556
9727755222
2488917822
7183696100
3307309318
2193633780
9733196689
3475302807
3146656262
6125018850
4144144144
7817443074
2151111111
3525451254
3333333333
4544544545
2122304521
9046603409
7175808621
3105081416
8179051937
6508149158
4842411381
9105555555
7316761371
5804713930
7184065239
3057833442
4029603190
6823071945
4026121650
3477834083
8327134009
8436247997
7138236902
7032293115
3343206995
7182711997
9183316979
2677090246
8458533702
3140000000
4705356708
9292952549
5402350288
2392461133
7048981620
7187647733
3476957949
7069495379
4048164000
9195187560
7878984545
3367072986
4083564848
7404643512
5165801272
2162697753
2149186277
7138703748
6466839183
6097907788
3475731955
3216629447
3373023646
9319931066
8065772454
9378185080
4126577137
8174493794
2624887982
4128844400
7035076507
8638401312
2022225555
5402306895
5089300870
9196213592
8595363811
3093399938
4045284655
8504548960
3104414590
9168134017
7402876192
2095595022
4079443198
2702121821
5079516968
9855004758
3302429433
7018352085
7035095676
6016165480
8506582588
7738318762
3233132268
8186109584
6624017037
3172722133
3363402255
9293260542
6462665986
7316964000
5012081011
9199854827
2405204690
6309153176
3214542252
9188999811
2535487295
8164239126
3305339946
2057380092
6184449849
7702100808
9293720503
8608084619
5022643542
8322050783
8106204514
9176559600
3477739794
7708260982
2485207082
2144226661
3525047413
7705273515
3523976087
8644910405
4049322936
3475818701
7872209675
4054665021
4108001280
7406448234
5646444845
6183739029
8432605999
6463069334
7068718432
9897505859
7064155562
3172720242
6784382353
6096191546
7069680735
9123270054
3056063662
9083775364
7066950692
4074170101
2565667980
7703778496
8179862031
5730000000
5024173967
2127175191
8126984270
4175313741
8658063445
6158815316
9375974231
9014827365
6624010299
2169739848
5203103455
4153532980
4234303333
3347015890
5707628258
7024495473
9735555555
4133142128
5035902301
8155199528
3202920755
3032507255
4239465338
4432430782
6785412236
9417378735
3525555555
9499337051
8134546672
5617526966
9176503065
2405862279
9016046475
9106188285
6788584514
1158958951
8325943147
6066273964
3344620977
6015738092
6267106022
7706084911
5045209221
8016548077
2144178243
7327738971
6038601416
2149844375
3129532267
8162090816
2163372729
2488776337
9859669559
5135159638
2562213941
4322382613
9802019240
5613585586
6238697985
6108416157
5207302116
9415456160
9125362570
8704236661
6015733316
7324568702
4062538877
9312207788
6309472990
5168305881
2053538847
2148099472
7132536324
9109853195
2108828970
2343120236
7878921860
6465746023
3347170640
2484978009
7708657359
9175356134
3364134484
3318713098
3468760911
2602676750
2243217439
2569741709
2259556005
4123980281
7274304655
5164212764
2057898981
7873030470
3175016696
8627554941
6262619695
7345525659
4059966073
2072498886
6015278840
8288032956
9495213729
3525412541
8563974645
8029894794
6019467893
2706709055
6192493290
3364600536
8472515331
7876056512
9805211176
6154737181
7876308181
3173061407
2088669742
4356913673
5025519521
7314466440
5403072938
7343317571
8174444444
6128174802
9013556186
8178214296
7705602985
8033319363
6414843333
7472862141
5015195576
9292538516
8177339881
3344771752
2700000000
3522843494
8015778688
2483420314
6129988000
5409804060
4697548854
5012828812
7864452212
8124530961
6199224380
3256426571
9731111111
9497646580
8454285858
540-580-5456
9172700849
5019072096
6467603773
6314273438
9498371130
8707631760
7344307162
9143411900
8187980898
3177704567
5167217400
9197576289
7184485200
9563193849
6104423632
9032498044
8144403551
3864668180
2052223860
5163225233
7722168499
6613961582
2145389722
6123888564
4242423244
2059910800
2083085519
7068710507
9204104441
9723332722
1115552233
8176882367
7875975288
4696616399
7029634128
7026244237
6019388820
7143727511
5135715668
3217245634
2708166836
3184713867
4707058055
8657762733
2313061079
7815714308
9145551212
7082287914
3372783472
4042199031
6039445452
8326546535
8153740195
3125986855
7316585207
2292733433
2013493878
2178515687
5405359285
7124417582
4103148064
7572070369
3186527783
6363882229
5621111111
4236191224
6622123845
6466426382
3855294073
3017882274
2126753900
3057812454
2564739536
5862227725
7874848024
9497646581
7024611365
8015974605
4173288234
7035086032
8644973096
3463871617
4054201426
3346107866
8604808443
5597254525
5612674800
7273891173
7874332255
9096182437
4109645500
8704130349
3375236358
2017879768
4803091945
6062183500
2012400378
9734747925
8283716099
3212996542
5015416076
4407493523
8189068151
7777777777
7023497871
5714427784
4027073981
3205551212
4097692406
4045837846
7049002832
2222222222
5758080003
5014123574
8134555417
6314022146
9895010587
2087042367
7879831325
8018667558
2084097579
4695093795
7137227247
2059026153
7035096480
8125224522
7872466530
8013887714
7404070211
9173061227
7275643333
7872251186
6626546933
6305509383
7087175320
6622078760
4438142118
6629345740
2096489923
8144403783
2012406692
5167613186
2514351200
3523500497
7878895873
2017747303
3862885429
3183152167
2162102390
7065521720
6055953186
2018927470
8329558217
2516544310
2157990952
3342621113
4077807135
2514351770
9734775571
6066266871
9548057889
9018490153
6034898117
5736644910
2815072058
6155214843
4074050298
4696380187
7865999931
2177282760
4045472206
8018246143
3097566427
6465190129
5138066568
7083346855
7038987846
7248123842
9853454767
2563972912
8328155192
5209750430
3015551555
2146175923
9726779366
4693253163
6195360628
9198890173
8329446112
4703097517
7818718298
2546443311
7023285320
8773242501
6202906493
3153519584
2172462913
6317443268
7605745209
8134434796
530-695-2418
407-459-1111
7346806623
5084461790
7246519124
5012782800
801 682-5857
8015555555
2019066240
5134014927
8595560013
2816392916
8146718501
4109645511
8139911900
3604709120
6263940002
2393489759
1234567891
516-749-4466
516-902-6071
8506582474
8189700434
2548558429
2763866644
2193314120
8135675679
4356333422
3015315117
5087520439
3104762211
4028024944
2815892400
3346852084
9197446907
7028675309
8136190436
555-555-5555
9402430488
5165555555
2145876689
8139636800
3177384430
407-744-8915
5137084628
4232452181
9739074466
215-257-9077
8137643167
9033317357
9729217760
7875945757
801-259-1715
8622223466
9314094460
5867534180
4023622183
4438041836
2698067635
7035734111
7653273257
2488549353
7572584450
402-937-4258
9106407351
3863622591
3372545868
6613817600
4047701234
5022211185
6469050230
7049789116
5709601053
9014383673
8054986675
3016061181
(252) 213-4421
7202616209
3022495541
4062992655
5084211970
3522725271
6193952710
2023402600
8455613784
6265367309
8635479922
2196891941
8083582493
719-432-7127
4803070963
8033606872
9144900814
2144073883
9157029447
8174423628
9188454280
9494002452
9739517464
5027362902
6468986260
4698120355
